1a4l_D 349 1721 2.2233
1a5l_C 536 1893 3.0499
1bh5_C 177 603 0.8920
1cjx_D 353 1615 1.9966
1dpm_A 329 1414 1.8802
1e9i_A 430 1770 2.4225
1ebh_A 436 1812 1.3188
1ec7_B 440 1847 1.2278
1ec8_C 442 1828 1.2218
1ec9_B 443 1824 1.2187
1ecq_C 443 1801 1.2420
1ef2_B 101 337 0.2336
1ef2_C 100 297 0.2440
1eil_A 289 1330 0.8420
1ejr_C 552 1984 2.3639
1ejx_A 100 301 0.2442
1ejx_B 101 345 0.2393
1ek1_A 490 2019 1.3756
1els_A 436 1790 1.1635
1ey3_C 258 781 0.6322
1ey3_F 258 808 0.6365
1ez2_B 328 1378 0.8804
1f1v_A 320 1507 0.9337
1f1x_B 319 1595 0.9250
1f9c_A 360 1583 0.9837
1f9z_B 128 444 0.3094
1fa6_B 128 456 0.3321
1fa7_B 128 461 0.3216
1fez_D 256 1079 0.7010
1fkx_A 349 1678 1.0334
1fro_D 176 598 0.4375
1fwa_C 565 2054 1.9887
1fwf_C 550 1972 3.0785
1gkp_C 457 2168 1.7082
1gkq_B 457 2083 1.2804
1han_A 288 1307 0.7890
1hm7_A 284 1354 0.7933
1hx9_A 523 2437 3.2039
1ie7_C 569 2229 3.2913
1j97_A 209 987 1.1478
1jdf_B 442 1828 2.5989
1jgm_B 331 1481 1.8550
1k1d_B 459 2039 2.7968
1k39_B 271 1164 1.5395
1kiy_A 354 1585 2.1294
1kkr_B 401 1698 2.2373
1krb_C 565 2024 1.5116
1kw8_B 288 1308 0.8858
1kwc_B 288 1276 0.9281
1l7n_B 208 984 0.5439
1l7p_A 206 961 0.5503
1l8o_B 222 785 0.5656
1l8p_C 436 1918 1.2103
1lqk_B 134 569 0.3324
1lqo_B 134 550 0.3269
1lqp_B 134 581 0.3307
1mdl_A 357 1469 1.1436
1mj3_D 258 820 1.2355
1n1b_B 519 2489 3.1023
1n23_A 533 2651 3.2271
1nfg_A 456 1986 2.6674
1o03_A 221 896 1.2041
1onw_B 379 1493 2.0755
1p48_B 436 1841 2.5188
1pjh_C 257 1128 1.4958
1pok_B 373 1436 2.0041
1q0o_A 356 1666 2.1618
1q51_G 271 1122 1.4973
1q52_C 269 1125 1.5242
1q52_K 271 1131 1.5011
1qip_C 176 626 0.9094
1qw7_A 335 1541 1.9072
1r9x_A 423 1705 2.4416
1rdf_D 263 1060 1.5040
1rjn_A 259 1074 1.4965
1rql_A 257 1122 1.4964
1s3t_A 99 293 0.4823
1s8o_A 545 2476 3.1624
1sjc_C 367 1552 2.0904
1sp8_D 393 1654 2.2046
1swv_B 257 1125 1.5017
1t5t_A 994 3567 5.5833
1uip_A 349 1814 2.0997
1vfp_A 994 3610 3.0419
1w1i_D 728 3336 3.9436
1wdl_B 706 2696 2.4064
1wpg_A 994 3616 4.8229
1wxz_A 349 1682 1.4488
1xpy_D 370 1540 2.1523
1yey_D 424 1870 1.8103
2akm_A 433 1967 1.4142
2al2_A 436 1919 1.3550
2bb0_B 413 1698 1.4875
2bgn_H 352 1553 1.5035
2dub_C 254 831 1.3554
2dvu_A 325 1632 1.9829
2dw6_A 388 1796 2.3368
2dw7_E 388 1817 2.3444
2dw7_M 388 1835 2.3571
2fkp_A 360 1559 2.1122
2fw2_F 260 997 1.5063
2ggg_A 360 1486 2.2019
2ggh_D 370 1550 2.1247
2gok_A 404 1662 2.2742
2hne_B 432 1965 2.5254
2kau_B 101 350 0.4966
2o4m_A 329 1488 1.8091
2o4q_P 329 1483 0.9049
2ofj_A 300 1176 0.7944
2ofj_D 298 1223 0.8074
2okt_A 342 1640 0.9651
2oql_A 329 1472 0.9227
2oqy_C 374 1705 1.0707
2oqy_G 374 1701 1.0822
2oz3_C 373 1605 0.9829
2oz3_G 380 1633 1.0286
2p0i_B 386 1668 1.0377
2p0i_F 387 1668 2.1600
2p88_C 369 1546 2.1408
2pge_A 356 1504 1.9491
2pp1_E 391 1703 2.2917
2q01_B 480 2327 2.8050
2q08_H 413 2077 2.5053
2q6e_C 412 2021 1.8245
2qjm_B 385 1760 1.3656
2qjn_C 384 1740 1.1169
2r1l_A 328 1516 0.9036
2ubp_B 122 431 0.3259
2z24_A 342 1516 0.9519
2z26_A 343 1488 1.0235
2z27_B 336 1511 0.9528
2z29_B 337 1527 0.9550
2zbd_A 994 3611 2.6607
3d46_A 405 1755 1.1550
3d46_G 405 1758 1.1577
3d47_A 405 1740 1.1676
3d47_G 405 1744 1.1878
3dg3_A 355 1537 1.0444
3enl_A 436 1845 1.2221
3es8_A 387 1850 1.1449
3es8_F 387 1857 1.1473
3es8_H 387 1852 1.1668
3muc_B 360 1467 0.9617
4enl_A 436 1867 1.2054
5enl_A 436 1849 1.2051
7enl_A 436 1871 1.2200
1a4m_B 349 1718 1.1442
1a4m_C 349 1719 1.5732
1a5n_A 100 297 0.4947
1a5o_A 100 277 0.5022
1a5o_C 566 1991 2.2383
1cjx_C 353 1586 2.0049
1dhy_A 278 1228 1.6346
1dub_D 260 883 1.4033
1e9y_B 568 2126 3.2898
1ec7_D 431 1762 2.5311
1ec9_D 444 1870 2.6171
1eir_A 289 1371 1.3378
1ejt_C 565 2047 1.5886
1ejw_C 565 2062 1.5126
1ek2_A 487 1987 1.3499
1ey3_B 258 785 0.6776
1ey3_D 258 799 0.6356
1ez2_A 328 1397 0.8941
1f1u_B 321 1565 0.9439
1f1x_A 319 1584 0.9394
1f5s_B 209 979 0.5697
1f9c_B 360 1621 1.0203
1fa7_A 128 458 0.3206
1fez_A 256 1085 0.7065
1fkw_A 349 1691 1.0376
1fro_C 176 598 0.4390
1fwa_A 100 295 0.2474
1fwb_B 101 348 0.2465
1fwc_B 101 350 0.2351
1fwd_B 101 348 0.2425
1fwe_A 100 291 0.2397
1fwe_C 551 1967 2.5899
1fwi_B 101 357 0.2558
1fwj_A 100 289 0.2337
1fwj_C 565 2029 1.5269
1gkp_E 457 2174 2.7632
1hm4_A 289 1288 1.6596
1hxc_A 516 2449 3.0616
1iyx_A 431 1790 2.4678
1j5s_C 450 2126 2.7032
1jfa_A 354 1619 2.1450
1jpm_C 358 1454 1.9976
1k1d_E 459 2025 2.7499
1kcz_A 412 1893 2.4134
1kju_A 994 4636 6.0456
1l7n_A 207 959 1.1310
1l8o_A 222 754 1.1425
1lkd_A 287 1341 1.6679
1mdr_A 357 1473 1.6754
1mns_A 357 1472 0.9725
1n1z_B 517 2491 1.4960
1n22_A 534 2627 1.5864
1n23_B 527 2622 1.5496
1ndy_A 349 1706 1.0419
1nel_A 436 1842 1.2525
1nki_B 134 579 0.3490
1nnl_B 207 851 0.5998
1nnr_B 134 572 0.4190
1npb_C 138 483 0.3610
1npb_F 138 476 0.4132
1o5r_A 349 1583 1.6082
1onx_A 388 1414 2.1308
1p6c_A 330 1297 1.8367
1po9_A 372 1475 2.0987
1psc_A 329 1417 1.8359
1q0o_B 356 1660 1.9355
1q51_I 271 1129 1.4957
1q52_E 269 1133 1.4972
1q91_A 194 913 1.1207
1qip_B 183 631 0.9167
1qq7_A 244 1009 1.4058
1r0m_D 360 1505 2.0482
1rak_A 423 1732 2.4670
1rjn_B 275 1118 1.5490
1rql_B 257 1113 1.4716
1s3t_B 122 401 0.6011
1sja_B 368 1528 2.1548
1sjc_A 367 1583 2.1003
1sp8_A 388 1596 2.1199
1sqi_A 343 1560 2.0059
1t47_A 362 1536 1.1080
1te6_B 433 1963 2.0396
1tkk_C 359 1486 2.0306
1tzz_A 374 1725 2.1474
1v51_A 474 2010 2.7619
1w1i_C 728 3319 4.2707
1wdl_A 715 2800 1.9361
1wdm_A 707 2765 3.9517
1wue_B 369 1589 2.2114
1xge_A 342 1505 1.6358
1xs2_A 360 1472 1.0205
1yey_A 416 1849 1.2054
1yny_A 455 1882 1.8245
2akz_A 435 2139 1.3332
2al2_B 430 1916 1.2581
2bgn_B 728 3184 2.3237
2dub_A 254 817 0.6466
2dub_D 257 821 0.6612
2dvt_A 325 1594 1.6900
2dvx_A 325 1601 1.9252
2dw7_A 388 1854 2.2443
2dw7_I 388 1821 2.2575
2e1w_A 349 1579 2.1113
2fw2_A 258 1052 1.4816
2fym_A 431 1776 1.9619
2ggg_B 360 1518 1.6347
2ggh_C 370 1591 1.5048
2ggj_B 360 1459 1.6703
2gtr_A 258 1083 1.4689
2hne_D 433 1986 2.5177
2muc_A 360 1506 2.0300
2o4q_B 329 1500 1.7346
2ofj_C 296 1199 1.0519
2one_B 436 1925 2.4609
2oqy_F 374 1699 2.2501
2oz3_F 372 1612 2.0439
2p0i_E 387 1664 1.2861
2p3z_B 405 1770 2.4070
2p88_H 369 1547 2.1705
2pp1_B 395 1703 2.2944
2puz_A 404 1687 2.2805
2q08_D 413 2068 2.5604
2q6e_A 412 2023 2.0868
2qjj_D 387 1779 1.2112
2qjm_D 385 1769 2.3952
2r1n_A 327 1523 1.8941
2z26_B 334 1501 1.9138
2z2a_A 342 1515 2.0310
3c86_A 327 1502 1.8803
3d46_C 405 1751 2.4744
3d47_C 405 1771 2.3379
3dg7_B 366 1636 2.0885
3es8_C 387 1853 2.3982
3g77_A 423 1793 2.4157
5eat_A 532 2483 2.4460
1a4l_C 349 1714 1.8133
1a5k_A 100 294 0.2487
1a5k_B 101 353 0.2493
1a5m_A 100 292 0.2659
1a5m_B 101 356 0.2364
1a5n_C 551 1960 1.7132
1aq6_B 245 981 0.6688
1bh5_B 182 594 0.4389
1bqg_A 399 1486 1.0891
1cr6_A 487 2099 1.5472
1dpm_B 329 1375 0.8854
1dub_A 260 875 0.6598
1dub_E 260 870 0.6541
1e9i_B 430 1662 1.1141
1e9z_A 238 843 0.6025
1ebg_B 436 1803 1.1852
1ec7_A 429 1761 1.2109
1ec8_B 442 1854 1.2500
1ec9_A 443 1843 1.2714
1ecq_A 444 1847 1.2669
1ef2_A 565 2029 1.5316
1ejr_B 101 360 0.4869
1ejs_B 101 360 0.5421
1eju_B 101 357 0.3706
1ejv_B 101 355 0.2631
1ejv_C 552 1958 3.1908
1ey3_A 258 798 1.3602
1eyw_A 329 1420 1.8741
1f1v_B 320 1503 1.9451
1f9z_A 128 441 0.6577
1fa6_A 128 458 0.6630
1fez_C 256 1085 1.4748
1fro_A 176 598 0.9467
1fwb_C 565 2047 2.5792
1fwg_C 565 2040 1.6629
1gkp_A 457 2164 1.2990
1gkp_D 457 2166 2.7943
1hm4_B 300 1292 1.7081
1hxg_A 534 2479 3.1771
1iyx_B 431 1820 2.4929
1j79_B 338 1522 1.9848
1jdf_C 442 1824 2.5889
1jpm_B 359 1447 2.0222
1k1d_D 459 2027 2.7518
1k70_A 423 1749 2.4841
1kko_A 401 1740 2.3091
1kra_A 100 291 0.5166
1krc_A 100 295 0.5059
1kw3_B 288 1329 1.6943
1kwb_B 288 1312 1.6536
1l7p_B 208 923 1.1810
1l8p_D 436 1898 2.2700
1mh9_A 194 925 1.1148
1mj3_E 258 836 1.3033
1n1z_A 537 2709 3.2360
1n24_A 534 2671 3.2028
1nfg_C 456 1987 2.7371
1one_A 436 1939 2.0105
1p43_A 436 1917 1.4228
1p6b_B 330 1316 1.0149
1pdy_A 433 1929 1.3758
1po9_B 372 1465 1.0757
1ps1_A 304 1360 0.8850
1psc_B 330 1357 1.0220
1q0c_C 319 1542 1.1019
1q51_B 280 1161 0.8410
1q51_F 271 1125 1.4350
1q51_L 271 1115 1.5270
1q52_H 269 1157 1.5167
1qin_B 176 590 0.9056
1qq5_B 245 1007 1.4234
1r0m_B 360 1526 2.0736
1ra5_A 423 1745 2.5114
1rjm_C 238 1017 1.3695
1rk5_A 474 1897 2.7331
1sja_D 368 1535 1.6706
1sjb_D 368 1550 1.0743
1sjc_D 368 1560 1.0097
1sjd_D 367 1597 1.0078
1sp8_C 386 1569 1.0482
1sqd_A 373 1659 1.0787
1swv_A 257 1128 0.7271
1sww_B 257 1152 0.7576
1t5s_A 994 3510 2.6513
1tkk_A 359 1514 0.9722
1tkk_E 359 1488 0.9729
1tkk_H 359 1521 0.9921
1ubp_C 569 2212 1.6331
1v7a_A 349 1686 1.6782
1vj5_A 547 2348 2.2461
1w1i_E 352 1600 1.0286
1w1i_G 352 1607 1.0117
1wdk_A 708 2947 3.8774
1wdm_C 390 1264 1.6154
1wpg_C 994 3629 2.7752
1wxy_A 349 1769 1.2246
1xpy_B 360 1497 1.3435
1xs2_C 360 1473 1.0102
1yey_B 423 1893 1.1787
1zrm_A 220 981 0.7033
2ada_A 349 1688 1.2553
2al1_A 436 1922 2.5360
2bgn_F 352 1548 2.0910
2dub_B 254 821 1.3534
2dvt_B 324 1595 1.9272
2dvx_B 324 1603 1.9342
2dw7_B 388 1824 2.2469
2dw7_J 388 1796 2.2624
2e25_A 342 1474 2.0117
2fw2_B 255 1043 1.4523
2fym_B 15 14 0.0780
2fym_D 427 1778 2.3470
2ggh_A 360 1520 1.1067
2ggi_A 360 1529 1.2368
2ggj_A 360 1471 1.4517
2gsh_B 403 1773 1.2164
2gtr_C 250 1075 0.7019
2hxt_A 434 2016 1.3877
2i5q_A 381 1597 1.2339
2muc_B 360 1517 1.8622
2o4q_K 330 1533 1.3296
2ofj_B 300 1175 0.8065
2og9_B 354 1500 1.9195
2oqy_B 374 1706 2.2457
2oz3_B 381 1680 2.1989
2p0i_A 387 1662 2.1954
2p3z_A 405 1762 1.1919
2p88_D 369 1544 1.0145
2p88_G 369 1549 1.0310
2pp0_A 395 1686 1.0857
2pp1_A 395 1705 1.0803
2pp1_F 391 1701 1.0662
2pp3_C 395 1664 1.0599
2q01_C 480 2282 1.3563
2q08_C 413 2069 1.9843
2q08_I 413 2076 1.6319
2q6e_B 412 2024 2.4429
2qjm_C 384 1745 2.2831
2r1m_A 327 1492 1.8617
2z25_B 342 1511 1.9658
2z29_A 342 1509 1.9844
3box_A 402 1736 2.2914
3d46_F 405 1754 2.4165
3d47_E 405 1753 2.4324
3dg7_C 366 1637 2.0768
3es8_D 387 1848 2.3781
3gd6_A 374 1705 2.2642
4ubp_C 569 2243 2.5504
1a4l_A 349 1716 2.2190
1a5l_B 101 362 0.3754
1a5m_C 566 2031 3.0783
1cjx_A 353 1610 1.9839
1cr6_B 541 2340 3.1530
1e9y_A 238 805 1.2183
1ebg_A 436 1813 2.5032
1ec8_A 442 1835 2.6143
1ecq_B 442 1838 2.6118
1ejr_A 100 285 0.3641
1ejs_A 100 291 0.3288
1ejs_C 565 2038 3.0473
1ek1_B 541 2218 3.1870
1f1r_A 321 1569 1.9519
1f1x_C 319 1601 1.9518
1fa5_B 128 461 0.6638
1fez_B 256 1084 1.5244
1fro_B 176 598 0.9136
1fwc_A 100 291 0.4958
1fwd_C 565 2036 2.3233
1fwh_A 100 296 0.3366
1fwh_C 565 1997 3.2248
1gkq_A 457 2086 2.7657
1hno_A 248 1034 0.9899
1hzy_B 331 1502 1.8105
1i0d_A 331 1516 1.9090
1j5s_A 451 2078 2.6843
1jct_A 443 1773 2.6089
1jfg_A 354 1574 2.0990
1jud_A 220 957 1.2491
1k1d_F 459 2034 2.7407
1kcz_B 412 1887 2.4199
1kko_B 401 1754 2.2827
1kra_C 566 2030 3.2489
1l7m_A 207 956 1.1622
1l8l_A 222 771 1.1666
1lgt_A 287 1345 1.7173
1lvh_A 220 853 0.8038
1mj3_B 258 824 1.3284
1mra_A 357 1430 2.0100
1n21_A 535 2675 3.2282
1ndw_A 349 1699 2.0589
1nki_A 134 560 0.7359
1nnl_A 205 865 1.1381
1npb_D 137 488 0.7057
1oep_A 422 1732 1.7955
1onx_B 388 1403 1.3047
1p6b_A 329 1335 0.9404
1p6c_B 329 1283 0.9389
1pdz_A 433 1854 1.2056
1poj_A 387 1346 0.9754
1ps1_B 304 1355 0.8242
1pta_A 318 1203 0.8877
1q0c_D 319 1534 0.9543
1q51_A 271 1114 0.7056
1q51_C 271 1124 0.8164
1q51_H 271 1138 0.7154
1q51_K 271 1113 0.7106
1q52_D 269 1120 0.8181
1q52_G 269 1123 0.8003
1q52_L 269 1140 0.8001
1qin_A 176 585 0.4826
1qip_D 183 611 0.5101
1qq6_B 244 962 0.6773
1qw7_B 335 1552 0.9277
1r0m_C 360 1523 1.0075
1r9y_A 423 1681 1.2857
1rdf_A 263 1069 0.7194
1rdf_C 263 1085 0.8201
1rdf_F 263 1072 0.7303
1rjn_C 245 1047 0.9227
1rjr_A 474 1966 2.8408
1sja_C 368 1510 1.6568
1sjb_C 367 1539 1.0171
1sjc_B 368 1575 1.0401
1sjd_C 367 1563 1.0884
1sp8_B 392 1699 1.6442
1sqi_B 342 1582 2.0194
1t47_B 362 1548 1.5350
1tfz_A 364 1610 1.3562
1tkk_B 358 1488 1.0510
1tkk_F 358 1499 1.1045
1ubp_A 99 322 0.2940
1ubp_B 122 437 0.3530
1uio_A 349 1794 1.2198
1v4y_A 474 1993 2.7828
1w1i_B 728 3325 4.1587
1wdk_D 390 1340 1.1453
1wdl_C 390 1267 1.0618
1wdl_D 390 1250 1.1333
1wdm_D 390 1270 2.0618
1wpg_D 994 3607 4.9605
1xs2_D 360 1464 2.0553
1zrn_A 220 964 1.2473
2akm_B 432 1916 2.5010
2bb0_A 413 1677 1.9012
2bgn_W 6 0 0.0226
2bgn_X 6 0 0.0276
2bgn_Y 6 2 0.0145
2bgn_Z 6 0 0.0339
2d2g_A 328 1518 1.8778
2dub_F 255 829 1.3850
2dvu_B 324 1613 1.9572
2dw6_C 388 1803 2.3005
2dw7_H 388 1798 2.2799
2dw7_O 388 1842 2.2829
2fkp_C 360 1542 2.0792
2fym_E 15 16 0.0570
2fym_F 431 1814 1.7897
2ggg_D 370 1526 1.1223
2ggh_B 360 1517 1.0049
2ggi_D 360 1515 1.0070
2ggj_C 360 1472 0.9772
2gok_B 404 1652 1.1000
2gtr_B 258 1110 0.7492
2hne_C 434 1959 2.5349
2kau_C 565 2009 1.7391
2o4m_P 330 1480 1.1518
2ob3_B 329 1481 1.7891
2ola_A 340 1561 1.9477
2oqy_D 374 1695 2.2523
2oz3_D 380 1660 2.1691
2p0i_C 387 1645 2.1789
2p88_A 369 1554 2.1422
2p8b_A 369 1614 2.1644
2pp1_C 391 1699 2.3007
2puz_B 404 1650 2.2955
2q08_E 413 2062 2.3196
2q08_L 413 2071 1.7977
2qjj_B 402 1877 2.2873
2qjn_B 385 1754 1.0953
2r1k_A 328 1494 0.8873
2r1p_A 327 1506 1.2807
2z25_A 342 1519 2.0176
2z28_B 334 1508 1.9706
2zc8_B 368 1714 2.1428
3d46_B 405 1756 1.1970
3d46_H 405 1763 1.1094
3d47_B 405 1748 1.1407
3d47_H 405 1739 1.2658
3dg6_A 366 1623 1.9695
3es7_B 387 1862 2.3373
3fyy_A 375 1708 2.2722
4ubp_A 100 322 0.5055
5eas_A 514 2438 2.9515
1a4m_A 349 1687 2.2019
1a5l_A 100 291 0.5176
1a5n_B 101 353 0.4940
1a5o_B 101 349 0.5131
1add_A 349 1670 1.9844
1cjx_B 353 1604 0.9466
1cqz_B 541 2219 1.6606
1dtn_A 357 1438 0.9951
1dub_C 259 896 0.6564
1dub_F 259 859 0.6639
1e9i_D 431 1755 1.1752
1e9z_B 568 2157 2.2930
1ec7_C 428 1730 2.5710
1ec9_C 443 1835 2.6275
1eiq_A 289 1335 1.3087
1ejt_B 101 355 0.2851
1eju_A 100 297 0.2777
1ejv_A 100 294 0.5319
1ejw_A 100 285 0.5375
1ejw_B 101 354 0.5014
1ejx_C 555 2124 3.2100
1ey3_E 258 790 1.3238
1f1u_A 322 1588 1.9776
1f5s_A 210 1010 1.1872
1fa5_A 128 450 0.6687
1fa8_A 128 448 0.6466
1fhu_A 298 1209 1.6651
1fwa_B 101 354 0.4829
1fwc_C 565 2049 3.1278
1fwi_A 100 295 0.5385
1fwj_B 101 349 0.4856
1gkp_B 457 2171 1.9560
1gkp_F 457 2175 1.2969
1gkq_D 457 2081 1.3075
1hm7_B 305 1429 0.8643
1hxa_A 528 2529 1.6979
1i0b_B 331 1498 0.9010
1ie7_A 99 316 0.2449
1ie7_B 122 426 0.2845
1iwo_B 994 3426 2.5618
1j5s_B 450 2095 1.3052
1jct_B 442 1725 1.2256
1jdf_D 442 1830 1.2348
1jfg_B 354 1596 1.0209
1jpm_A 359 1467 0.9809
1k1d_A 459 2030 1.3601
1k1d_G 459 2033 1.3048
1k39_A 269 1157 0.7479
1k39_C 266 1189 0.7353
1kd0_A 396 1705 1.0336
1kiy_B 354 1570 1.0583
1kiz_B 354 1585 1.0433
1kmy_A 288 1312 0.8080
1knf_A 288 1326 0.7974
1krb_B 101 346 0.2382
1krc_B 101 348 0.2492
1krm_A 349 1563 1.0211
1kw6_B 288 1320 0.8900
1kw9_B 288 1300 0.8219
1l7m_B 208 969 0.5615
1l7o_B 206 974 0.5490
1l8l_B 222 840 0.5639
1l8p_B 436 1906 1.2082
1lqk_A 134 552 0.3248
1lqo_A 134 561 0.3558
1lqp_A 134 565 0.3366
1lvh_B 220 833 0.5616
1mj3_A 258 831 0.6261
1mj3_C 258 805 0.6317
1mj3_F 258 823 0.6309
1n1b_A 516 2506 1.4812
1n20_B 527 2647 1.5082
1n22_B 522 2555 1.4692
1ndv_A 349 1665 0.9999
1ndz_A 349 1704 1.0431
1nfg_B 456 1987 1.5175
1nnr_A 134 547 0.3341
1npb_A 140 508 0.3408
1npb_B 139 495 0.3393
1npb_E 138 490 0.3534
1o08_A 221 917 0.7103
1onw_A 375 1455 1.9364
1p43_B 436 1953 2.5795
1pjh_A 259 1138 1.5117
1poj_B 387 1347 2.0753
1q0c_A 319 1515 2.0092
1q51_E 271 1141 1.5232
1q52_A 269 1116 1.5511
1q52_I 269 1138 1.4986
1qip_A 176 628 0.9310
1qq6_A 244 994 1.3739
1r0m_A 360 1537 2.0516
1ra0_A 423 1743 2.4700
1rjm_B 240 996 1.1439
1rjq_A 474 2009 1.5744
1rqn_A 257 1106 0.7846
1s3t_C 569 2170 1.7851
1sjb_B 368 1537 2.1400
1sjd_B 368 1568 2.0806
1sp9_B 374 1637 1.1144
1su4_A 994 3652 3.8364
1tg5_A 371 1645 2.1578
1tkk_G 359 1525 2.0344
1uml_A 349 1629 1.2860
1vfl_A 349 1703 1.1758
1vfp_B 994 3608 2.7055
1w1i_F 352 1606 1.0309
1w1i_H 352 1630 1.0347
1wdk_B 711 2956 3.9965
1wpg_B 994 3622 2.7526
1wuf_A 371 1637 1.0645
1wuf_B 371 1636 1.0656
1xpy_A 360 1490 1.0339
1xpy_C 370 1539 2.2672
1yey_C 426 1906 2.4585
2akz_B 432 2096 2.5946
2bgn_E 352 1544 2.0448
2d2h_A 328 1516 1.7852
2dvt_D 321 1589 0.9376
2dvu_D 321 1614 0.9723
2dvx_D 321 1595 0.9117
2dw6_D 388 1783 1.1303
2dw7_D 388 1851 1.1462
2dw7_G 388 1850 1.1340
2dw7_L 388 1810 1.1423
2dw7_N 388 1838 1.1165
2fbm_A 251 961 0.6821
2fbm_C 250 980 0.6728
2fkp_D 360 1547 1.0244
2fw2_D 257 999 0.7475
2fym_C 427 1781 1.1923
2g3f_B 414 1708 2.3384
2ggi_B 360 1528 1.9521
2ggj_D 360 1480 2.0558
2hne_A 426 1968 2.4736
2kau_A 100 290 0.4832
2mnr_A 357 1457 2.0055
2o4q_A 330 1522 1.9332
2og9_A 354 1479 1.9589
2oql_B 329 1494 1.9410
2oqy_H 374 1699 2.2499
2oz3_H 368 1596 2.0481
2p0i_G 387 1675 2.2030
2p88_E 369 1542 2.1414
2pp0_B 395 1657 2.2780
2pp3_B 395 1650 1.6255
2q08_A 413 2069 1.1885
2q08_B 413 2060 1.1955
2q08_G 413 2060 1.3215
2q08_K 413 2066 1.4984
2qjj_A 402 1873 1.2555
2qjm_A 384 1758 2.3911
2qjn_D 385 1776 2.0612
2z24_B 335 1527 0.9330
2z27_A 342 1516 0.9598
2z28_A 342 1515 0.9428
2z2a_B 331 1498 0.9255
2zc8_A 368 1730 1.0431
3box_B 402 1744 1.1324
3caw_B 316 1363 0.8537
3d46_E 405 1758 2.4707
3d47_F 405 1746 2.4588
3dg7_D 366 1634 2.0978
3es8_E 387 1845 2.3412
3muc_A 360 1475 1.9908
4ubp_B 122 448 0.5613
5eau_A 523 2344 2.6313
1a4l_B 349 1757 1.1578
1a4m_D 349 1721 1.0441
1a5k_C 566 2038 1.7049
1aq6_A 245 995 0.7153
1bh5_A 177 616 0.8756
1bh5_D 182 613 0.9177
1cqz_A 487 2007 2.8709
1dub_B 259 869 1.3471
1e9i_C 425 1512 2.2193
1ebh_B 436 1849 2.4967
1ec8_D 442 1843 2.6043
1ecq_D 442 1802 2.5790
1ejt_A 100 292 0.4561
1eju_C 552 1978 3.0821
1ek2_B 541 2239 3.1503
1f1r_B 321 1538 2.0022
1f1x_D 319 1585 1.9286
1fa8_B 128 457 0.6590
1fhv_A 322 1319 1.7928
1fwb_A 100 294 0.4941
1fwd_A 100 288 0.5167
1fwe_B 101 352 0.4220
1fwf_A 100 291 0.2783
1fwf_B 101 352 0.3386
1fwg_A 100 291 0.5395
1fwg_B 101 345 0.5562
1fwh_B 101 346 0.4762
1fwi_C 550 1971 3.1296
1gkq_C 457 2080 2.7174
1hnu_A 248 1076 0.7186
1hzy_A 331 1509 0.9214
1i0b_A 331 1478 0.9398
1i0d_B 331 1499 0.9272
1iwo_A 994 3427 2.6021
1j79_A 342 1527 1.0152
1j97_B 208 983 0.5830
1jdf_A 442 1840 1.2522
1jfa_B 350 1574 0.9960
1jgm_A 332 1486 0.9062
1jpd_X 318 1236 0.8284
1jpm_D 358 1453 0.9756
1k1d_C 459 2026 1.3760
1k1d_H 459 2030 1.3045
1k6w_A 423 1742 1.1676
1kd0_B 396 1697 1.0723
1kiz_A 354 1612 1.0430
1kkr_A 401 1698 1.0848
1knd_A 288 1351 0.7940
1kra_B 101 354 0.2258
1krb_A 100 294 0.4080
1krc_C 566 2014 3.2342
1l7o_A 199 895 1.0914
1l8p_A 436 1917 2.4934
1m7j_A 474 2046 3.1062
1n20_A 532 2690 3.2737
1n24_B 527 2565 2.8686
1nfg_D 456 1986 2.7417
1one_B 436 1939 2.5747
1p48_A 436 1827 2.4727
1pjh_B 260 1195 1.5061
1pok_A 376 1445 2.0304
1q0c_B 319 1520 1.9858
1q51_D 271 1125 1.0083
1q51_J 271 1138 0.7736
1q52_B 279 1167 0.7777
1q52_F 269 1124 0.7139
1q52_J 269 1139 0.7137
1q92_A 195 918 0.5250
1qh9_A 221 970 0.6103
1qq5_A 245 995 0.6803
1qq7_B 244 984 0.6721
1qxl_A 349 1635 1.0638
1r6w_A 321 1321 0.8898
1r9z_A 423 1672 1.1494
1rdf_B 263 1017 0.7752
1rdf_E 263 1076 0.7188
1rjm_A 239 993 0.7326
1rjp_A 474 1968 1.3358
1rk6_A 474 2029 1.3768
1rqn_B 257 1116 0.7410
1sja_A 368 1549 1.1209
1sjb_A 367 1562 2.1518
1sjd_A 367 1585 2.1614
1sp9_A 362 1537 2.0817
1sww_A 257 1192 1.5554
1te6_A 434 2025 2.5827
1tkk_D 359 1506 2.0245
1tzz_B 379 1732 2.1617
1v79_A 349 1749 2.1529
1w1i_A 728 3332 4.5203
1wdk_C 390 1348 2.2208
1wdm_B 710 2818 3.9442
1wue_A 370 1593 2.2366
1xge_B 342 1523 1.8040
1xs2_B 360 1440 2.0642
1yny_B 459 1887 2.3676
2al1_B 431 1917 2.5369
2bgn_G 352 1534 1.7511
2d2j_A 328 1436 0.9315
2dub_E 255 835 0.6344
2dvt_C 323 1577 0.9643
2dvu_C 324 1609 0.9494
2dvx_C 323 1579 0.9416
2dw6_B 388 1803 1.1483
2dw7_C 388 1805 1.1520
2dw7_F 388 1816 1.1466
2dw7_K 388 1830 1.1854
2dw7_P 388 1839 1.1883
2fbm_B 250 940 0.7033
2fkp_B 360 1551 1.0909
2fw2_C 256 1043 0.7648
2fw2_E 259 1037 0.7499
2g3f_A 414 1723 1.6101
2ggg_C 370 1554 2.1406
2ggi_C 360 1532 2.0767
2gsh_A 403 1773 2.1031
2hxu_A 434 1984 1.3737
2i5q_B 384 1638 1.3170
2o4m_B 330 1458 0.9892
2o4m_C 330 1486 1.3666
2ob3_A 329 1466 2.0578
2one_A 436 1919 1.2676
2oqy_A 374 1702 1.0862
2oqy_E 374 1705 1.0815
2oz3_A 381 1647 1.0238
2oz3_E 381 1657 1.0559
2ozt_A 319 1402 0.8794
2p0i_D 386 1665 1.1939
2p0i_H 387 1679 1.0592
2p88_B 369 1546 1.0573
2p88_F 369 1548 1.0298
2p8c_A 369 1619 1.0349
2pp0_C 395 1684 1.0688
2pp1_D 391 1698 1.0854
2pp3_A 395 1694 1.1190
2q01_A 479 2277 2.4006
2q08_F 413 2072 1.4853
2q08_J 413 2070 2.6231
2qjj_C 384 1774 1.8841
2qjn_A 385 1746 2.2841
2ubp_A 100 326 0.5114
2ubp_C 569 2206 3.2968
2z2b_A 330 1464 1.9335
3caw_A 316 1394 1.7840
3d46_D 405 1749 2.4688
3d47_D 405 1729 2.2916
3dg7_A 366 1636 0.9787
3es7_A 387 1860 1.1278
3es8_B 387 1848 1.1396
3es8_G 387 1847 1.1141
3fyy_B 375 1700 1.0616
3ubp_A 100 320 0.2456
3ubp_B 122 450 0.2977
3ubp_C 569 2274 1.5851
6enl_A 436 1824 1.1568
